evalutate(using frcnn-rcnn-060.h5):

ap:{0: 0.0, 1: 0.5126831648131858, 2: 0.42742545447782027, 3: 0.4923211915777905, 4: 0.4533539571664166, 5: 0.5101358554880333, 6: 0.4833605935910106, 7: 0.22893608854199987, 8: 0.15833835039133054, 9: 0.2750244701464214, 10: 0.27121475740440504, 11: 0.3294696618805002, 12: 0.5933582161035035, 13: 0.3474968922515509, 14: 0.15650172612197927, 15: 0.5468017635562888, 16: 0.3108624412059527, 17: 0.17701260092564441, 18: 0.09090909090909091, 19: 0.48583356360444624, 20: 0.3122956841138659}
mAP:0.3581667762135618
