evalutate(using frcnn-rcnn-060.h5):

ap:{0: 0.0, 1: 0.5126831648131858, 2: 0.42742545447782027, 3: 0.4923211915777905, 4: 0.4533539571664166, 5: 0.5101358554880333, 6: 0.4833605935910106, 7: 0.22893608854199987, 8: 0.15833835039133054, 9: 0.2750244701464214, 10: 0.27121475740440504, 11: 0.3294696618805002, 12: 0.5933582161035035, 13: 0.3474968922515509, 14: 0.15650172612197927, 15: 0.5468017635562888, 16: 0.3108624412059527, 17: 0.17701260092564441, 18: 0.09090909090909091, 19: 0.48583356360444624, 20: 0.3122956841138659}
mAP:0.3581667762135618


evalutate(using frcnn-rcnn-120.h5):
ap:{0: 0.0, 1: 0.5074976754166368, 2: 0.41698048144678884, 3: 0.47348529199789646, 4: 0.4866339535043391, 5: 0.5227762834638242, 6: 0.48096396875682035, 7: 0.22327000670949715, 8: 0.14685314685314685, 9: 0.20502803566504274, 10: 0.28385160919420566, 11: 0.3285280193458099, 12: 0.5992842610793945, 13: 0.33519535402058287, 14: 0.16287878787878787, 15: 0.5430248816335602, 16: 0.3071353802977119, 17: 0.18464947374899982, 18: 0.06117424242424242, 19: 0.5165376826047161, 20: 0.2897521581732108}
mAP:0.3537750347107607

